image_width: 640
image_height: 480
camera_name: narrow_stereo
camera_matrix:
  rows: 3
  cols: 3
  data: [284.040145, 0, 318.016079, 0, 282.67148, 229.129939, 0, 0, 1]
distortion_model: plumb_bob
distortion_coefficients:
  rows: 1
  cols: 5
  data: [-0.218792, 0.031785, -0.000475, -0.000977, 0]
rectification_matrix:
  rows: 3
  cols: 3
  data: [1, 0, 0, 0, 1, 0, 0, 0, 1]
projection_matrix:
  rows: 3
  cols: 4
  data: [176.762665, 0, 314.715251, 0, 0, 176.043015, 228.708967, 0, 0, 0, 1, 0]