image_width: 640
image_height: 480
camera_name: narrow_stereo
camera_matrix:
  rows: 3
  cols: 3
  data: [485.980087, 0, 355.920472, 0, 488.897074, 278.007283, 0, 0, 1]
distortion_model: plumb_bob
distortion_coefficients:
  rows: 1
  cols: 5
  data: [-0.396498, 0.153704, -0.01248, -0.010606, 0]
rectification_matrix:
  rows: 3
  cols: 3
  data: [1, 0, 0, 0, 1, 0, 0, 0, 1]
projection_matrix:
  rows: 3
  cols: 4
  data: [359.028107, 0, 343.961233, 0, 0, 360.499481, 267.105597, 0, 0, 0, 1, 0]