image_width: 640
image_height: 480
camera_name: narrow_stereo
camera_matrix:
  rows: 3
  cols: 3
  data: [284.040145198009, 0, 318.0160792462009, 0, 282.6714801579699, 229.1299391359394, 0, 0, 1]
distortion_model: plumb_bob
distortion_coefficients:
  rows: 1
  cols: 5
  data: [-0.2187916872226567, 0.03178534385978569, -0.0004752209139480763, -0.0009771177853494578, 0]
rectification_matrix:
  rows: 3
  cols: 3
  data: [1, 0, 0, 0, 1, 0, 0, 0, 1]
projection_matrix:
  rows: 3
  cols: 4
  data: [176.7626647949219, 0, 314.7152508979707, 0, 0, 176.0430145263672, 228.7089667791224, 0, 0, 0, 1, 0]