image_width: 640
image_height: 480
camera_name: narrow_stereo
camera_matrix:
  rows: 3
  cols: 3
  data: [442.198764, 0, 326.721422, 0, 441.266354, 218.200761, 0, 0, 1]
distortion_model: plumb_bob
distortion_coefficients:
  rows: 1
  cols: 5
  data: [-0.330074, 0.09561399999999999, -0.001431, -0.0009970000000000001, 0]
rectification_matrix:
  rows: 3
  cols: 3
  data: [1, 0, 0, 0, 1, 0, 0, 0, 1]
projection_matrix:
  rows: 3
  cols: 4
  data: [348.893646, 0, 328.23193, 0, 0, 389.702332, 210.870404, 0, 0, 0, 1, 0]