# oST version 5.0 parameters


[image]

width
640

height
480

[narrow_stereo]

camera matrix
442.198764 0.000000 326.721422
0.000000 441.266354 218.200761
0.000000 0.000000 1.000000

distortion
-0.330074 0.095614 -0.001431 -0.000997 0.000000

rectification
1.000000 0.000000 0.000000
0.000000 1.000000 0.000000
0.000000 0.000000 1.000000

projection
348.893646 0.000000 328.231930 0.000000
0.000000 389.702332 210.870404 0.000000
0.000000 0.000000 1.000000 0.000000

