image_width: 1280
image_height: 720
camera_name: usb_cam_0
camera_matrix:
  rows: 3
  cols: 3
  data: [1562.856648, 0, 645.488169, 0, 1559.077705, 354.519147, 0, 0, 1]
distortion_model: plumb_bob
distortion_coefficients:
  rows: 1
  cols: 5
  data: [-0.8555079999999999, 1.105615, 0.015125, -0.020285, 0]
rectification_matrix:
  rows: 3
  cols: 3
  data: [1, 0, 0, 0, 1, 0, 0, 0, 1]
projection_matrix:
  rows: 3
  cols: 4
  data: [1346.042725, 0, 619.877829, 0, 0, 1485.052856, 358.035553, 0, 0, 0, 1, 0]
